{
  "generated_by": {
    "program": "augur",
    "version": "11.2.0"
  },
  "models": {
    "PCR": {
      "alphabet": [
        "",
        "DAEC",
        "EAEC",
        "EIEC",
        "ETEC",
        "aEPEC",
        "tEPEC",
        "?"
      ],
      "equilibrium_probabilities": [
        0.1235506773027778,
        0.12063453512718153,
        0.1314638342855374,
        0.13062716351211645,
        0.16132328090082115,
        0.1797007961794113,
        0.15269971269215446
      ],
      "rate": 121.25414626186321,
      "transition_matrix": [
        [
          0.0,
          6.7294184519944835,
          4.093541214398774,
          1.3627286052441976,
          2.2297839741743957,
          2.6719604691474306,
          0.43502229560302325
        ],
        [
          6.7294184519944835,
          0.0,
          0.717089223178216,
          0.4921503609752904,
          1.0163005393077156,
          0.7979973267926885,
          0.43575550895104814
        ],
        [
          4.093541214398774,
          0.717089223178216,
          0.0,
          0.4055691885733701,
          0.9610637621965067,
          1.1048526360441926,
          0.4050716088968888
        ],
        [
          1.3627286052441976,
          0.4921503609752904,
          0.4055691885733701,
          0.0,
          0.40454995120932075,
          0.4055024555664932,
          0.4045647378127423
        ],
        [
          2.2297839741743957,
          1.0163005393077156,
          0.9610637621965067,
          0.40454995120932075,
          0.0,
          0.7418292057982906,
          0.40491730154450867
        ],
        [
          2.6719604691474306,
          0.7979973267926885,
          1.1048526360441926,
          0.4055024555664932,
          0.7418292057982906,
          0.0,
          0.5772359805966002
        ],
        [
          0.43502229560302325,
          0.43575550895104814,
          0.4050716088968888,
          0.4045647378127423,
          0.40491730154450867,
          0.5772359805966002,
          0.0
        ]
      ]
    },
    "genome": {
      "alphabet": [
        "",
        "DAEC",
        "DAEC/EAEC",
        "EAEC",
        "EAEC/ETEC",
        "EIEC",
        "ETEC",
        "aEPEC",
        "tEPEC",
        "?"
      ],
      "equilibrium_probabilities": [
        0.08778217945300465,
        0.08593217949299346,
        0.12096823866582843,
        0.0957375669183691,
        0.1349300735139395,
        0.10497917556671132,
        0.11025855895759148,
        0.13098492917586518,
        0.1284270982556968
      ],
      "rate": 104.1711290713006,
      "transition_matrix": [
        [
          0.0,
          9.386425600582923,
          0.5861325296153528,
          5.4910114705701085,
          1.386607372163081,
          1.9629618278678678,
          2.399234436136295,
          3.843367847055159,
          0.6267848304311355
        ],
        [
          9.386425600582923,
          0.0,
          0.8598749043325818,
          1.0112758713430434,
          0.5919252141874677,
          0.6988159180980557,
          1.4533459841079714,
          1.1210514627095565,
          0.6281221615951584
        ],
        [
          0.5861325296153528,
          0.8598749043325818,
          0.0,
          0.5799042890635855,
          0.5816569512004129,
          0.5811389951613589,
          0.5807312199571086,
          0.5814931903824307,
          0.5819475779802532
        ],
        [
          5.4910114705701085,
          1.0112758713430434,
          0.5799042890635855,
          0.0,
          0.8571667805354627,
          0.582395841631411,
          0.6517855115100556,
          1.5825158651564595,
          0.5822171076836045
        ],
        [
          1.386607372163081,
          0.5919252141874677,
          0.5816569512004129,
          0.8571667805354627,
          0.0,
          0.5816362136343423,
          0.8641738338907805,
          1.09137946650361,
          0.5823868797384174
        ],
        [
          1.9629618278678678,
          0.6988159180980557,
          0.5811389951613589,
          0.582395841631411,
          0.5816362136343423,
          0.0,
          0.5811959308641388,
          0.5829678069952748,
          0.5814494978038265
        ],
        [
          2.399234436136295,
          1.4533459841079714,
          0.5807312199571086,
          0.6517855115100556,
          0.8641738338907805,
          0.5811959308641388,
          0.0,
          0.5854700961831142,
          0.5812733665720118
        ],
        [
          3.843367847055159,
          1.1210514627095565,
          0.5814931903824307,
          1.5825158651564595,
          1.09137946650361,
          0.5829678069952748,
          0.5854700961831142,
          0.0,
          0.828737745463088
        ],
        [
          0.6267848304311355,
          0.6281221615951584,
          0.5819475779802532,
          0.5822171076836045,
          0.5823868797384174,
          0.5814494978038265,
          0.5812733665720118,
          0.828737745463088,
          0.0
        ]
      ]
    },
    "gradient": {
      "alphabet": [
        "rural",
        "urban",
        "?"
      ],
      "equilibrium_probabilities": [
        0.4332302752089248,
        0.5667697247910752
      ],
      "rate": 324.6113305383368,
      "transition_matrix": [
        [
          0.0,
          2.0363131334766553
        ],
        [
          2.0363131334766553,
          0.0
        ]
      ]
    },
    "site_id": {
      "alphabet": [
        "Borbon",
        "Casas",
        "Esmeraldas",
        "Quito",
        "Rural_villages",
        "?"
      ],
      "equilibrium_probabilities": [
        0.18649155353224206,
        0.23181944037776775,
        0.21190564754760502,
        0.1594106828997005,
        0.21037267564268464
      ],
      "rate": 476.2235897960129,
      "transition_matrix": [
        [
          0.0,
          0.446272247875345,
          2.204315116673657,
          2.0187909238435933,
          1.2174827368362402
        ],
        [
          0.446272247875345,
          0.0,
          0.9950599340070907,
          0.6341189950366553,
          0.2904962001100687
        ],
        [
          2.204315116673657,
          0.9950599340070907,
          0.0,
          2.6554176870184456,
          1.6083962521734596
        ],
        [
          2.0187909238435933,
          0.6341189950366553,
          2.6554176870184456,
          0.0,
          1.1310656823515068
        ],
        [
          1.2174827368362402,
          0.2904962001100687,
          1.6083962521734596,
          1.1310656823515068,
          0.0
        ]
      ]
    }
  },
  "nodes": {
    "B001_5": {
      "PCR": "DAEC",
      "genome": "DAEC",
      "gradient": "rural",
      "site_id": "Rural_villages"
    },
    "B100_5": {
      "PCR": "DAEC",
      "genome": "DAEC",
      "gradient": "rural",
      "site_id": "Borbon"
    },
    "B101_1": {
      "PCR": "DAEC",
      "genome": "DAEC",
      "gradient": "rural",
      "site_id": "Borbon"
    },
    "B108_3": {
      "PCR": "",
      "genome": "",
      "gradient": "rural",
      "site_id": "Borbon"
    },
    "B109_1": {
      "PCR": "ETEC",
      "genome": "EAEC/ETEC",
      "gradient": "rural",
      "site_id": "Borbon"
    },
    "B118_2": {
      "PCR": "DAEC",
      "genome": "DAEC",
      "gradient": "rural",
      "site_id": "Rural_villages"
    },
    "B119_1": {
      "PCR": "EAEC",
      "genome": "EAEC",
      "gradient": "rural",
      "site_id": "Borbon"
    },
    "B119_2": {
      "PCR": "",
      "genome": "",
      "gradient": "rural",
      "site_id": "Borbon"
    },
    "B12_1": {
      "PCR": "DAEC",
      "genome": "DAEC",
      "gradient": "rural",
      "site_id": "Borbon"
    },
    "B141_2": {
      "PCR": "EAEC",
      "genome": "EAEC",
      "gradient": "rural",
      "site_id": "Borbon"
    },
    "B143_4": {
      "PCR": "EIEC",
      "genome": "EIEC",
      "gradient": "rural",
      "site_id": "Borbon"
    },
    "B145_4": {
      "PCR": "EAEC",
      "genome": "EAEC",
      "gradient": "rural",
      "site_id": "Borbon"
    },
    "B147_1": {
      "PCR": "DAEC",
      "genome": "DAEC",
      "gradient": "rural",
      "site_id": "Borbon"
    },
    "B169_1": {
      "PCR": "EAEC",
      "genome": "EAEC",
      "gradient": "rural",
      "site_id": "Rural_villages"
    },
    "B188_1": {
      "PCR": "EAEC",
      "genome": "EAEC",
      "gradient": "rural",
      "site_id": "Borbon"
    },
    "B196_1": {
      "PCR": "",
      "genome": "",
      "gradient": "rural",
      "site_id": "Borbon"
    },
    "B200_2": {
      "PCR": "ETEC",
      "genome": "ETEC",
      "gradient": "rural",
      "site_id": "Borbon"
    },
    "B200_MG15_isolate": {
      "PCR": "",
      "genome": "",
      "gradient": "rural",
      "site_id": "Borbon"
    },
    "B201_3": {
      "PCR": "EAEC",
      "genome": "EAEC",
      "gradient": "rural",
      "site_id": "Rural_villages"
    },
    "B201_5": {
      "PCR": "EAEC",
      "genome": "EAEC",
      "gradient": "rural",
      "site_id": "Rural_villages"
    },
    "B202_1": {
      "PCR": "",
      "genome": "",
      "gradient": "rural",
      "site_id": "Rural_villages"
    },
    "B202_2": {
      "PCR": "EAEC",
      "genome": "EAEC",
      "gradient": "rural",
      "site_id": "Rural_villages"
    },
    "B207_2": {
      "PCR": "DAEC",
      "genome": "DAEC",
      "gradient": "rural",
      "site_id": "Borbon"
    },
    "B215_5": {
      "PCR": "EAEC",
      "genome": "EAEC",
      "gradient": "rural",
      "site_id": "Borbon"
    },
    "B225_3": {
      "PCR": "aEPEC",
      "genome": "aEPEC",
      "gradient": "rural",
      "site_id": "Borbon"
    },
    "B226_1": {
      "PCR": "DAEC",
      "genome": "DAEC",
      "gradient": "rural",
      "site_id": "Borbon"
    },
    "B228_2": {
      "PCR": "",
      "genome": "",
      "gradient": "rural",
      "site_id": "Borbon"
    },
    "B231_1": {
      "PCR": "tEPEC",
      "genome": "tEPEC",
      "gradient": "rural",
      "site_id": "Borbon"
    },
    "B231_2": {
      "PCR": "aEPEC",
      "genome": "aEPEC",
      "gradient": "rural",
      "site_id": "Borbon"
    },
    "B234_1": {
      "PCR": "DAEC",
      "genome": "DAEC/EAEC",
      "gradient": "rural",
      "site_id": "Borbon"
    },
    "B235_3": {
      "PCR": "tEPEC",
      "genome": "tEPEC",
      "gradient": "rural",
      "site_id": "Rural_villages"
    },
    "B244_3": {
      "PCR": "ETEC",
      "genome": "ETEC",
      "gradient": "rural",
      "site_id": "Borbon"
    },
    "B246_1": {
      "PCR": "aEPEC",
      "genome": "aEPEC",
      "gradient": "rural",
      "site_id": "Borbon"
    },
    "B24_1": {
      "PCR": "DAEC",
      "genome": "DAEC",
      "gradient": "rural",
      "site_id": "Borbon"
    },
    "B252_1": {
      "PCR": "",
      "genome": "",
      "gradient": "rural",
      "site_id": "Borbon"
    },
    "B255_1": {
      "PCR": "ETEC",
      "genome": "ETEC",
      "gradient": "rural",
      "site_id": "Borbon"
    },
    "B262_1": {
      "PCR": "EIEC",
      "genome": "EIEC",
      "gradient": "rural",
      "site_id": "Borbon"
    },
    "B270_2": {
      "PCR": "ETEC",
      "genome": "ETEC",
      "gradient": "rural",
      "site_id": "Borbon"
    },
    "B274_2": {
      "PCR": "DAEC",
      "genome": "DAEC",
      "gradient": "rural",
      "site_id": "Borbon"
    },
    "B280_4": {
      "PCR": "EAEC",
      "genome": "EAEC",
      "gradient": "rural",
      "site_id": "Borbon"
    },
    "B295_2": {
      "PCR": "ETEC",
      "genome": "ETEC",
      "gradient": "rural",
      "site_id": "Borbon"
    },
    "B309_1": {
      "PCR": "EIEC",
      "genome": "EIEC",
      "gradient": "rural",
      "site_id": "Borbon"
    },
    "B311_2": {
      "PCR": "",
      "genome": "",
      "gradient": "rural",
      "site_id": "Borbon"
    },
    "B312_4": {
      "PCR": "aEPEC",
      "genome": "aEPEC",
      "gradient": "rural",
      "site_id": "Borbon"
    },
    "B313_5": {
      "PCR": "",
      "genome": "",
      "gradient": "rural",
      "site_id": "Borbon"
    },
    "B323_2": {
      "PCR": "",
      "genome": "",
      "gradient": "rural",
      "site_id": "Borbon"
    },
    "B327_1": {
      "PCR": "",
      "genome": "",
      "gradient": "rural",
      "site_id": "Borbon"
    },
    "B329_2": {
      "PCR": "DAEC",
      "genome": "DAEC",
      "gradient": "rural",
      "site_id": "Borbon"
    },
    "B36_1": {
      "PCR": "",
      "genome": "",
      "gradient": "rural",
      "site_id": "Borbon"
    },
    "B37_1": {
      "PCR": "",
      "genome": "",
      "gradient": "rural",
      "site_id": "Borbon"
    },
    "B37_2": {
      "PCR": "",
      "genome": "",
      "gradient": "rural",
      "site_id": "Borbon"
    },
    "B37_3": {
      "PCR": "",
      "genome": "",
      "gradient": "rural",
      "site_id": "Borbon"
    },
    "B42_1": {
      "PCR": "",
      "genome": "",
      "gradient": "rural",
      "site_id": "Borbon"
    },
    "B42_3": {
      "PCR": "",
      "genome": "",
      "gradient": "rural",
      "site_id": "Borbon"
    },
    "B45_2": {
      "PCR": "ETEC",
      "genome": "ETEC",
      "gradient": "rural",
      "site_id": "Rural_villages"
    },
    "B46_1": {
      "PCR": "ETEC",
      "genome": "ETEC",
      "gradient": "rural",
      "site_id": "Rural_villages"
    },
    "B62_5": {
      "PCR": "ETEC",
      "genome": "ETEC",
      "gradient": "rural",
      "site_id": "Borbon"
    },
    "B66_1": {
      "PCR": "EAEC",
      "genome": "EAEC",
      "gradient": "rural",
      "site_id": "Rural_villages"
    },
    "B66_4": {
      "PCR": "ETEC",
      "genome": "EAEC",
      "gradient": "rural",
      "site_id": "Rural_villages"
    },
    "B68_1": {
      "PCR": "ETEC",
      "genome": "ETEC",
      "gradient": "rural",
      "site_id": "Rural_villages"
    },
    "B75_4": {
      "PCR": "DAEC",
      "genome": "DAEC",
      "gradient": "rural",
      "site_id": "Borbon"
    },
    "B75_5": {
      "PCR": "DAEC",
      "genome": "DAEC",
      "gradient": "rural",
      "site_id": "Borbon"
    },
    "B84_2": {
      "PCR": "ETEC",
      "genome": "EAEC/ETEC",
      "gradient": "rural",
      "site_id": "Borbon"
    },
    "B84_3": {
      "PCR": "EIEC",
      "genome": "EIEC",
      "gradient": "rural",
      "site_id": "Borbon"
    },
    "B88_3": {
      "PCR": "EIEC",
      "genome": "EIEC",
      "gradient": "rural",
      "site_id": "Borbon"
    },
    "B89_1": {
      "PCR": "DAEC",
      "genome": "DAEC",
      "gradient": "rural",
      "site_id": "Borbon"
    },
    "B95_1": {
      "PCR": "DAEC",
      "genome": "DAEC",
      "gradient": "rural",
      "site_id": "Rural_villages"
    },
    "B99_5": {
      "PCR": "aEPEC",
      "genome": "aEPEC",
      "gradient": "rural",
      "site_id": "Borbon"
    },
    "C101_1": {
      "PCR": "ETEC",
      "genome": "EAEC/ETEC",
      "gradient": "rural",
      "site_id": "Casas"
    },
    "C102_1": {
      "PCR": "aEPEC",
      "genome": "aEPEC",
      "gradient": "rural",
      "site_id": "Casas"
    },
    "C110_5": {
      "PCR": "aEPEC",
      "genome": "aEPEC",
      "gradient": "rural",
      "site_id": "Casas"
    },
    "C13_2": {
      "PCR": "",
      "genome": "",
      "gradient": "rural",
      "site_id": "Casas"
    },
    "C14_2A": {
      "PCR": "DAEC",
      "genome": "DAEC",
      "gradient": "rural",
      "site_id": "Casas"
    },
    "C14_2B": {
      "PCR": "DAEC",
      "genome": "DAEC",
      "gradient": "rural",
      "site_id": "Casas"
    },
    "C21_2": {
      "PCR": "EAEC",
      "genome": "EAEC",
      "gradient": "rural",
      "site_id": "Casas"
    },
    "C21_4": {
      "PCR": "",
      "genome": "",
      "gradient": "rural",
      "site_id": "Casas"
    },
    "C23_1": {
      "PCR": "EAEC",
      "genome": "EAEC",
      "gradient": "rural",
      "site_id": "Casas"
    },
    "C25_2": {
      "PCR": "EIEC",
      "genome": "EIEC",
      "gradient": "rural",
      "site_id": "Casas"
    },
    "C26_2": {
      "PCR": "aEPEC",
      "genome": "aEPEC",
      "gradient": "rural",
      "site_id": "Casas"
    },
    "C32_3": {
      "PCR": "",
      "genome": "",
      "gradient": "rural",
      "site_id": "Casas"
    },
    "C33_3": {
      "PCR": "EAEC",
      "genome": "EAEC",
      "gradient": "rural",
      "site_id": "Casas"
    },
    "C34_2": {
      "PCR": "",
      "genome": "",
      "gradient": "rural",
      "site_id": "Casas"
    },
    "C36_1": {
      "PCR": "DAEC",
      "genome": "DAEC",
      "gradient": "rural",
      "site_id": "Casas"
    },
    "C38_1": {
      "PCR": "",
      "genome": "",
      "gradient": "rural",
      "site_id": "Casas"
    },
    "C46_4": {
      "PCR": "ETEC",
      "genome": "ETEC",
      "gradient": "rural",
      "site_id": "Casas"
    },
    "C46_isolate": {
      "PCR": "",
      "genome": "",
      "gradient": "rural",
      "site_id": "Casas"
    },
    "C50_4": {
      "PCR": "DAEC",
      "genome": "DAEC",
      "gradient": "rural",
      "site_id": "Casas"
    },
    "C70_1": {
      "PCR": "aEPEC",
      "genome": "aEPEC",
      "gradient": "rural",
      "site_id": "Casas"
    },
    "C71_2": {
      "PCR": "DAEC",
      "genome": "DAEC",
      "gradient": "rural",
      "site_id": "Casas"
    },
    "C79_1": {
      "PCR": "DAEC",
      "genome": "DAEC",
      "gradient": "rural",
      "site_id": "Casas"
    },
    "C80_4": {
      "PCR": "EAEC",
      "genome": "EAEC",
      "gradient": "rural",
      "site_id": "Casas"
    },
    "C85_1": {
      "PCR": "",
      "genome": "",
      "gradient": "rural",
      "site_id": "Casas"
    },
    "C86_4": {
      "PCR": "",
      "genome": "",
      "gradient": "rural",
      "site_id": "Casas"
    },
    "C87_3": {
      "PCR": "",
      "genome": "",
      "gradient": "rural",
      "site_id": "Casas"
    },
    "C9_2": {
      "PCR": "aEPEC",
      "genome": "aEPEC",
      "gradient": "rural",
      "site_id": "Casas"
    },
    "E100_4": {
      "PCR": "DAEC",
      "genome": "DAEC",
      "gradient": "urban",
      "site_id": "Esmeraldas"
    },
    "E100_5": {
      "PCR": "DAEC",
      "genome": "DAEC",
      "gradient": "urban",
      "site_id": "Esmeraldas"
    },
    "E101_1": {
      "PCR": "DAEC",
      "genome": "DAEC",
      "gradient": "urban",
      "site_id": "Esmeraldas"
    },
    "E106_1": {
      "PCR": "EAEC",
      "genome": "EAEC",
      "gradient": "urban",
      "site_id": "Esmeraldas"
    },
    "E119_5": {
      "PCR": "DAEC",
      "genome": "DAEC",
      "gradient": "urban",
      "site_id": "Esmeraldas"
    },
    "E124_5": {
      "PCR": "EAEC",
      "genome": "EAEC",
      "gradient": "urban",
      "site_id": "Esmeraldas"
    },
    "E124_6": {
      "PCR": "DAEC",
      "genome": "DAEC",
      "gradient": "urban",
      "site_id": "Esmeraldas"
    },
    "E129_3": {
      "PCR": "aEPEC",
      "genome": "aEPEC",
      "gradient": "urban",
      "site_id": "Esmeraldas"
    },
    "E13": {
      "PCR": "DAEC",
      "genome": "DAEC",
      "gradient": "urban",
      "site_id": "Esmeraldas"
    },
    "E130_1": {
      "PCR": "",
      "genome": "",
      "gradient": "urban",
      "site_id": "Esmeraldas"
    },
    "E132_5": {
      "PCR": "",
      "genome": "",
      "gradient": "urban",
      "site_id": "Esmeraldas"
    },
    "E135_2": {
      "PCR": "EAEC",
      "genome": "EAEC",
      "gradient": "urban",
      "site_id": "Esmeraldas"
    },
    "E135_5": {
      "PCR": "EAEC",
      "genome": "EAEC",
      "gradient": "urban",
      "site_id": "Esmeraldas"
    },
    "E135_6": {
      "PCR": "DAEC",
      "genome": "DAEC",
      "gradient": "urban",
      "site_id": "Esmeraldas"
    },
    "E139_2": {
      "PCR": "",
      "genome": "",
      "gradient": "urban",
      "site_id": "Esmeraldas"
    },
    "E140": {
      "PCR": "DAEC",
      "genome": "DAEC",
      "gradient": "urban",
      "site_id": "Esmeraldas"
    },
    "E143_1": {
      "PCR": "",
      "genome": "",
      "gradient": "urban",
      "site_id": "Esmeraldas"
    },
    "E144": {
      "PCR": "aEPEC",
      "genome": "aEPEC",
      "gradient": "urban",
      "site_id": "Esmeraldas"
    },
    "E14_6": {
      "PCR": "",
      "genome": "",
      "gradient": "urban",
      "site_id": "Esmeraldas"
    },
    "E158": {
      "PCR": "DAEC",
      "genome": "DAEC",
      "gradient": "urban",
      "site_id": "Esmeraldas"
    },
    "E162": {
      "PCR": "aEPEC",
      "genome": "aEPEC",
      "gradient": "urban",
      "site_id": "Esmeraldas"
    },
    "E166": {
      "PCR": "DAEC",
      "genome": "DAEC",
      "gradient": "urban",
      "site_id": "Esmeraldas"
    },
    "E167_5": {
      "PCR": "DAEC",
      "genome": "DAEC",
      "gradient": "urban",
      "site_id": "Esmeraldas"
    },
    "E16_6": {
      "PCR": "DAEC",
      "genome": "DAEC",
      "gradient": "urban",
      "site_id": "Esmeraldas"
    },
    "E170": {
      "PCR": "DAEC",
      "genome": "DAEC",
      "gradient": "urban",
      "site_id": "Esmeraldas"
    },
    "E173": {
      "PCR": "DAEC",
      "genome": "DAEC",
      "gradient": "urban",
      "site_id": "Esmeraldas"
    },
    "E175_4": {
      "PCR": "EAEC",
      "genome": "EAEC",
      "gradient": "urban",
      "site_id": "Esmeraldas"
    },
    "E175_5": {
      "PCR": "",
      "genome": "",
      "gradient": "urban",
      "site_id": "Esmeraldas"
    },
    "E177_6": {
      "PCR": "DAEC",
      "genome": "DAEC",
      "gradient": "urban",
      "site_id": "Esmeraldas"
    },
    "E179_6": {
      "PCR": "",
      "genome": "",
      "gradient": "urban",
      "site_id": "Esmeraldas"
    },
    "E184_3": {
      "PCR": "",
      "genome": "",
      "gradient": "urban",
      "site_id": "Esmeraldas"
    },
    "E187_2": {
      "PCR": "tEPEC",
      "genome": "tEPEC",
      "gradient": "urban",
      "site_id": "Esmeraldas"
    },
    "E188_2": {
      "PCR": "",
      "genome": "",
      "gradient": "urban",
      "site_id": "Esmeraldas"
    },
    "E192": {
      "PCR": "DAEC",
      "genome": "DAEC",
      "gradient": "urban",
      "site_id": "Esmeraldas"
    },
    "E195_3": {
      "PCR": "",
      "genome": "",
      "gradient": "urban",
      "site_id": "Esmeraldas"
    },
    "E195_5": {
      "PCR": "aEPEC",
      "genome": "aEPEC",
      "gradient": "urban",
      "site_id": "Esmeraldas"
    },
    "E197_5": {
      "PCR": "DAEC",
      "genome": "DAEC",
      "gradient": "urban",
      "site_id": "Esmeraldas"
    },
    "E205": {
      "PCR": "",
      "genome": "",
      "gradient": "urban",
      "site_id": "Esmeraldas"
    },
    "E20_1": {
      "PCR": "EAEC",
      "genome": "EAEC",
      "gradient": "urban",
      "site_id": "Esmeraldas"
    },
    "E212_4": {
      "PCR": "DAEC",
      "genome": "DAEC",
      "gradient": "urban",
      "site_id": "Esmeraldas"
    },
    "E215_4": {
      "PCR": "",
      "genome": "",
      "gradient": "urban",
      "site_id": "Esmeraldas"
    },
    "E218": {
      "PCR": "DAEC",
      "genome": "DAEC",
      "gradient": "urban",
      "site_id": "Esmeraldas"
    },
    "E21_3": {
      "PCR": "",
      "genome": "",
      "gradient": "urban",
      "site_id": "Esmeraldas"
    },
    "E228_3": {
      "PCR": "EAEC",
      "genome": "EAEC",
      "gradient": "urban",
      "site_id": "Esmeraldas"
    },
    "E230_4": {
      "PCR": "DAEC",
      "genome": "DAEC",
      "gradient": "urban",
      "site_id": "Esmeraldas"
    },
    "E236_4": {
      "PCR": "EAEC",
      "genome": "EAEC",
      "gradient": "urban",
      "site_id": "Esmeraldas"
    },
    "E238_3": {
      "PCR": "EAEC",
      "genome": "EAEC",
      "gradient": "urban",
      "site_id": "Esmeraldas"
    },
    "E238_5": {
      "PCR": "DAEC",
      "genome": "DAEC",
      "gradient": "urban",
      "site_id": "Esmeraldas"
    },
    "E240_5": {
      "PCR": "aEPEC",
      "genome": "aEPEC",
      "gradient": "urban",
      "site_id": "Esmeraldas"
    },
    "E26": {
      "PCR": "DAEC",
      "genome": "DAEC",
      "gradient": "urban",
      "site_id": "Esmeraldas"
    },
    "E27": {
      "PCR": "DAEC",
      "genome": "DAEC",
      "gradient": "urban",
      "site_id": "Esmeraldas"
    },
    "E28": {
      "PCR": "DAEC",
      "genome": "DAEC",
      "gradient": "urban",
      "site_id": "Esmeraldas"
    },
    "E29_1": {
      "PCR": "ETEC",
      "genome": "ETEC",
      "gradient": "urban",
      "site_id": "Esmeraldas"
    },
    "E33_4": {
      "PCR": "aEPEC",
      "genome": "aEPEC",
      "gradient": "urban",
      "site_id": "Esmeraldas"
    },
    "E34": {
      "PCR": "DAEC",
      "genome": "DAEC",
      "gradient": "urban",
      "site_id": "Esmeraldas"
    },
    "E34L_M": {
      "PCR": "",
      "genome": "",
      "gradient": "urban",
      "site_id": "Esmeraldas"
    },
    "E43": {
      "PCR": "DAEC",
      "genome": "DAEC",
      "gradient": "urban",
      "site_id": "Esmeraldas"
    },
    "E44_6": {
      "PCR": "DAEC",
      "genome": "DAEC",
      "gradient": "urban",
      "site_id": "Esmeraldas"
    },
    "E55_5": {
      "PCR": "ETEC",
      "genome": "ETEC",
      "gradient": "urban",
      "site_id": "Esmeraldas"
    },
    "E55_6": {
      "PCR": "DAEC",
      "genome": "DAEC",
      "gradient": "urban",
      "site_id": "Esmeraldas"
    },
    "E57": {
      "PCR": "DAEC",
      "genome": "DAEC",
      "gradient": "urban",
      "site_id": "Esmeraldas"
    },
    "E58_3": {
      "PCR": "DAEC",
      "genome": "DAEC",
      "gradient": "urban",
      "site_id": "Esmeraldas"
    },
    "E5_5": {
      "PCR": "aEPEC",
      "genome": "aEPEC",
      "gradient": "urban",
      "site_id": "Esmeraldas"
    },
    "E61_3": {
      "PCR": "",
      "genome": "",
      "gradient": "urban",
      "site_id": "Esmeraldas"
    },
    "E67_5": {
      "PCR": "DAEC",
      "genome": "DAEC",
      "gradient": "urban",
      "site_id": "Esmeraldas"
    },
    "E70_3": {
      "PCR": "EAEC",
      "genome": "EAEC",
      "gradient": "urban",
      "site_id": "Esmeraldas"
    },
    "E71": {
      "PCR": "aEPEC",
      "genome": "aEPEC",
      "gradient": "urban",
      "site_id": "Esmeraldas"
    },
    "E71_6": {
      "PCR": "",
      "genome": "",
      "gradient": "urban",
      "site_id": "Esmeraldas"
    },
    "E72": {
      "PCR": "DAEC",
      "genome": "DAEC",
      "gradient": "urban",
      "site_id": "Esmeraldas"
    },
    "E72_3": {
      "PCR": "",
      "genome": "",
      "gradient": "urban",
      "site_id": "Esmeraldas"
    },
    "E76_1": {
      "PCR": "EAEC",
      "genome": "EAEC",
      "gradient": "urban",
      "site_id": "Esmeraldas"
    },
    "E84": {
      "PCR": "",
      "genome": "",
      "gradient": "urban",
      "site_id": "Esmeraldas"
    },
    "E88_3": {
      "PCR": "DAEC",
      "genome": "DAEC",
      "gradient": "urban",
      "site_id": "Esmeraldas"
    },
    "E88_4": {
      "PCR": "EAEC",
      "genome": "EAEC",
      "gradient": "urban",
      "site_id": "Esmeraldas"
    },
    "E89_4": {
      "PCR": "EAEC",
      "genome": "EAEC",
      "gradient": "urban",
      "site_id": "Esmeraldas"
    },
    "E92_5": {
      "PCR": "DAEC",
      "genome": "DAEC",
      "gradient": "urban",
      "site_id": "Esmeraldas"
    },
    "E99_3": {
      "PCR": "",
      "genome": "",
      "gradient": "urban",
      "site_id": "Esmeraldas"
    },
    "NODE_0000000": {
      "PCR": "DAEC",
      "genome": "DAEC",
      "gradient": "rural",
      "site_id": "Rural_villages"
    },
    "NODE_0000001": {
      "PCR": "DAEC",
      "genome": "DAEC",
      "gradient": "rural",
      "site_id": "Rural_villages"
    },
    "NODE_0000002": {
      "PCR": "DAEC",
      "genome": "DAEC",
      "gradient": "rural",
      "site_id": "Rural_villages"
    },
    "NODE_0000003": {
      "PCR": "DAEC",
      "genome": "DAEC",
      "gradient": "urban",
      "site_id": "Esmeraldas"
    },
    "NODE_0000004": {
      "PCR": "DAEC",
      "genome": "DAEC",
      "gradient": "rural",
      "site_id": "Esmeraldas"
    },
    "NODE_0000005": {
      "PCR": "ETEC",
      "genome": "ETEC",
      "gradient": "rural",
      "site_id": "Borbon"
    },
    "NODE_0000006": {
      "PCR": "ETEC",
      "genome": "ETEC",
      "gradient": "urban",
      "site_id": "Esmeraldas"
    },
    "NODE_0000007": {
      "PCR": "DAEC",
      "genome": "DAEC",
      "gradient": "urban",
      "site_id": "Esmeraldas"
    },
    "NODE_0000008": {
      "PCR": "DAEC",
      "genome": "DAEC",
      "gradient": "rural",
      "site_id": "Borbon"
    },
    "NODE_0000009": {
      "PCR": "DAEC",
      "genome": "DAEC",
      "gradient": "urban",
      "site_id": "Esmeraldas"
    },
    "NODE_0000010": {
      "PCR": "",
      "genome": "",
      "gradient": "rural",
      "site_id": "Esmeraldas"
    },
    "NODE_0000011": {
      "PCR": "",
      "genome": "",
      "gradient": "rural",
      "site_id": "Esmeraldas"
    },
    "NODE_0000012": {
      "PCR": "DAEC",
      "genome": "DAEC",
      "gradient": "urban",
      "site_id": "Esmeraldas"
    },
    "NODE_0000013": {
      "PCR": "ETEC",
      "genome": "ETEC",
      "gradient": "rural",
      "site_id": "Rural_villages"
    },
    "NODE_0000014": {
      "PCR": "ETEC",
      "genome": "ETEC",
      "gradient": "rural",
      "site_id": "Borbon"
    },
    "NODE_0000015": {
      "PCR": "ETEC",
      "genome": "ETEC",
      "gradient": "urban",
      "site_id": "Quito"
    },
    "NODE_0000016": {
      "PCR": "DAEC",
      "genome": "DAEC",
      "gradient": "urban",
      "site_id": "Esmeraldas"
    },
    "NODE_0000017": {
      "PCR": "ETEC",
      "genome": "ETEC",
      "gradient": "rural",
      "site_id": "Borbon"
    },
    "NODE_0000019": {
      "PCR": "ETEC",
      "genome": "ETEC",
      "gradient": "rural",
      "site_id": "Rural_villages"
    },
    "NODE_0000022": {
      "PCR": "DAEC",
      "genome": "DAEC",
      "gradient": "urban",
      "site_id": "Quito"
    },
    "NODE_0000023": {
      "PCR": "DAEC",
      "genome": "DAEC",
      "gradient": "urban",
      "site_id": "Quito"
    },
    "NODE_0000024": {
      "PCR": "DAEC",
      "genome": "DAEC",
      "gradient": "urban",
      "site_id": "Esmeraldas"
    },
    "NODE_0000025": {
      "PCR": "DAEC",
      "genome": "DAEC",
      "gradient": "urban",
      "site_id": "Esmeraldas"
    },
    "NODE_0000026": {
      "PCR": "",
      "genome": "",
      "gradient": "rural",
      "site_id": "Borbon"
    },
    "NODE_0000027": {
      "PCR": "",
      "genome": "",
      "gradient": "rural",
      "site_id": "Borbon"
    },
    "NODE_0000028": {
      "PCR": "",
      "genome": "",
      "gradient": "urban",
      "site_id": "Quito"
    },
    "NODE_0000029": {
      "PCR": "",
      "genome": "",
      "gradient": "urban",
      "site_id": "Quito"
    },
    "NODE_0000030": {
      "PCR": "",
      "genome": "",
      "gradient": "rural",
      "site_id": "Quito"
    },
    "NODE_0000031": {
      "PCR": "EAEC",
      "genome": "EAEC",
      "gradient": "rural",
      "site_id": "Casas"
    },
    "NODE_0000032": {
      "PCR": "DAEC",
      "genome": "DAEC",
      "gradient": "urban",
      "site_id": "Quito"
    },
    "NODE_0000033": {
      "PCR": "",
      "genome": "",
      "gradient": "urban",
      "site_id": "Quito"
    },
    "NODE_0000034": {
      "PCR": "",
      "genome": "",
      "gradient": "rural",
      "site_id": "Borbon"
    },
    "NODE_0000035": {
      "PCR": "",
      "genome": "",
      "gradient": "rural",
      "site_id": "Rural_villages"
    },
    "NODE_0000036": {
      "PCR": "",
      "genome": "",
      "gradient": "rural",
      "site_id": "Rural_villages"
    },
    "NODE_0000037": {
      "PCR": "",
      "genome": "",
      "gradient": "rural",
      "site_id": "Rural_villages"
    },
    "NODE_0000038": {
      "PCR": "EAEC",
      "genome": "EAEC",
      "gradient": "rural",
      "site_id": "Borbon"
    },
    "NODE_0000039": {
      "PCR": "EAEC",
      "genome": "EAEC",
      "gradient": "rural",
      "site_id": "Borbon"
    },
    "NODE_0000040": {
      "PCR": "EAEC",
      "genome": "EAEC",
      "gradient": "rural",
      "site_id": "Borbon"
    },
    "NODE_0000041": {
      "PCR": "EAEC",
      "genome": "EAEC",
      "gradient": "rural",
      "site_id": "Borbon"
    },
    "NODE_0000042": {
      "PCR": "EAEC",
      "genome": "EAEC",
      "gradient": "rural",
      "site_id": "Borbon"
    },
    "NODE_0000043": {
      "PCR": "EAEC",
      "genome": "EAEC",
      "gradient": "rural",
      "site_id": "Quito"
    },
    "NODE_0000044": {
      "PCR": "",
      "genome": "",
      "gradient": "rural",
      "site_id": "Borbon"
    },
    "NODE_0000045": {
      "PCR": "aEPEC",
      "genome": "aEPEC",
      "gradient": "rural",
      "site_id": "Borbon"
    },
    "NODE_0000046": {
      "PCR": "",
      "genome": "",
      "gradient": "rural",
      "site_id": "Rural_villages"
    },
    "NODE_0000047": {
      "PCR": "DAEC",
      "genome": "DAEC",
      "gradient": "rural",
      "site_id": "Esmeraldas"
    },
    "NODE_0000048": {
      "PCR": "DAEC",
      "genome": "DAEC",
      "gradient": "rural",
      "site_id": "Borbon"
    },
    "NODE_0000049": {
      "PCR": "EAEC",
      "genome": "EAEC",
      "gradient": "rural",
      "site_id": "Rural_villages"
    },
    "NODE_0000050": {
      "PCR": "EAEC",
      "genome": "EAEC",
      "gradient": "rural",
      "site_id": "Rural_villages"
    },
    "NODE_0000051": {
      "PCR": "EAEC",
      "genome": "EAEC",
      "gradient": "rural",
      "site_id": "Borbon"
    },
    "NODE_0000052": {
      "PCR": "EAEC",
      "genome": "EAEC",
      "gradient": "rural",
      "site_id": "Esmeraldas"
    },
    "NODE_0000053": {
      "PCR": "EAEC",
      "genome": "EAEC",
      "gradient": "rural",
      "site_id": "Esmeraldas"
    },
    "NODE_0000054": {
      "PCR": "EAEC",
      "genome": "EAEC",
      "gradient": "urban",
      "site_id": "Esmeraldas"
    },
    "NODE_0000055": {
      "PCR": "EAEC",
      "genome": "EAEC",
      "gradient": "rural",
      "site_id": "Esmeraldas"
    },
    "NODE_0000056": {
      "PCR": "EAEC",
      "genome": "EAEC",
      "gradient": "rural",
      "site_id": "Borbon"
    },
    "NODE_0000057": {
      "PCR": "EAEC",
      "genome": "EAEC",
      "gradient": "rural",
      "site_id": "Esmeraldas"
    },
    "NODE_0000058": {
      "PCR": "EAEC",
      "genome": "EAEC",
      "gradient": "rural",
      "site_id": "Rural_villages"
    },
    "NODE_0000059": {
      "PCR": "DAEC",
      "genome": "DAEC",
      "gradient": "urban",
      "site_id": "Esmeraldas"
    },
    "NODE_0000062": {
      "PCR": "EAEC",
      "genome": "EAEC",
      "gradient": "rural",
      "site_id": "Borbon"
    },
    "NODE_0000063": {
      "PCR": "EAEC",
      "genome": "EAEC",
      "gradient": "rural",
      "site_id": "Borbon"
    },
    "NODE_0000064": {
      "PCR": "EAEC",
      "genome": "EAEC",
      "gradient": "rural",
      "site_id": "Esmeraldas"
    },
    "NODE_0000065": {
      "PCR": "DAEC",
      "genome": "DAEC",
      "gradient": "rural",
      "site_id": "Casas"
    },
    "NODE_0000068": {
      "PCR": "DAEC",
      "genome": "DAEC",
      "gradient": "rural",
      "site_id": "Borbon"
    },
    "NODE_0000069": {
      "PCR": "DAEC",
      "genome": "DAEC",
      "gradient": "rural",
      "site_id": "Borbon"
    },
    "NODE_0000070": {
      "PCR": "DAEC",
      "genome": "DAEC",
      "gradient": "rural",
      "site_id": "Borbon"
    },
    "NODE_0000071": {
      "PCR": "DAEC",
      "genome": "DAEC",
      "gradient": "urban",
      "site_id": "Esmeraldas"
    },
    "NODE_0000072": {
      "PCR": "DAEC",
      "genome": "DAEC",
      "gradient": "rural",
      "site_id": "Borbon"
    },
    "NODE_0000073": {
      "PCR": "",
      "genome": "",
      "gradient": "rural",
      "site_id": "Borbon"
    },
    "NODE_0000074": {
      "PCR": "DAEC",
      "genome": "DAEC",
      "gradient": "rural",
      "site_id": "Rural_villages"
    },
    "NODE_0000075": {
      "PCR": "DAEC",
      "genome": "DAEC",
      "gradient": "rural",
      "site_id": "Rural_villages"
    },
    "NODE_0000076": {
      "PCR": "DAEC",
      "genome": "DAEC",
      "gradient": "urban",
      "site_id": "Esmeraldas"
    },
    "NODE_0000077": {
      "PCR": "DAEC",
      "genome": "DAEC",
      "gradient": "rural",
      "site_id": "Rural_villages"
    },
    "NODE_0000078": {
      "PCR": "DAEC",
      "genome": "DAEC",
      "gradient": "urban",
      "site_id": "Quito"
    },
    "NODE_0000084": {
      "PCR": "DAEC",
      "genome": "DAEC",
      "gradient": "urban",
      "site_id": "Esmeraldas"
    },
    "NODE_0000085": {
      "PCR": "DAEC",
      "genome": "DAEC",
      "gradient": "urban",
      "site_id": "Quito"
    },
    "NODE_0000086": {
      "PCR": "DAEC",
      "genome": "DAEC",
      "gradient": "rural",
      "site_id": "Esmeraldas"
    },
    "NODE_0000087": {
      "PCR": "",
      "genome": "",
      "gradient": "rural",
      "site_id": "Esmeraldas"
    },
    "NODE_0000088": {
      "PCR": "",
      "genome": "",
      "gradient": "urban",
      "site_id": "Rural_villages"
    },
    "NODE_0000089": {
      "PCR": "",
      "genome": "",
      "gradient": "rural",
      "site_id": "Rural_villages"
    },
    "NODE_0000090": {
      "PCR": "",
      "genome": "",
      "gradient": "rural",
      "site_id": "Rural_villages"
    },
    "NODE_0000091": {
      "PCR": "",
      "genome": "",
      "gradient": "rural",
      "site_id": "Rural_villages"
    },
    "NODE_0000092": {
      "PCR": "",
      "genome": "",
      "gradient": "rural",
      "site_id": "Rural_villages"
    },
    "NODE_0000093": {
      "PCR": "",
      "genome": "",
      "gradient": "rural",
      "site_id": "Quito"
    },
    "NODE_0000094": {
      "PCR": "",
      "genome": "",
      "gradient": "rural",
      "site_id": "Quito"
    },
    "NODE_0000095": {
      "PCR": "DAEC",
      "genome": "DAEC",
      "gradient": "rural",
      "site_id": "Quito"
    },
    "NODE_0000096": {
      "PCR": "DAEC",
      "genome": "DAEC",
      "gradient": "urban",
      "site_id": "Quito"
    },
    "NODE_0000097": {
      "PCR": "EAEC",
      "genome": "EAEC",
      "gradient": "rural",
      "site_id": "Borbon"
    },
    "NODE_0000098": {
      "PCR": "DAEC",
      "genome": "DAEC",
      "gradient": "rural",
      "site_id": "Esmeraldas"
    },
    "NODE_0000100": {
      "PCR": "",
      "genome": "",
      "gradient": "rural",
      "site_id": "Esmeraldas"
    },
    "NODE_0000101": {
      "PCR": "",
      "genome": "",
      "gradient": "rural",
      "site_id": "Rural_villages"
    },
    "NODE_0000102": {
      "PCR": "",
      "genome": "",
      "gradient": "rural",
      "site_id": "Borbon"
    },
    "NODE_0000103": {
      "PCR": "",
      "genome": "",
      "gradient": "rural",
      "site_id": "Borbon"
    },
    "NODE_0000104": {
      "PCR": "",
      "genome": "",
      "gradient": "rural",
      "site_id": "Rural_villages"
    },
    "NODE_0000105": {
      "PCR": "DAEC",
      "genome": "DAEC",
      "gradient": "urban",
      "site_id": "Quito"
    },
    "NODE_0000106": {
      "PCR": "DAEC",
      "genome": "DAEC",
      "gradient": "urban",
      "site_id": "Quito"
    },
    "NODE_0000107": {
      "PCR": "",
      "genome": "",
      "gradient": "rural",
      "site_id": "Rural_villages"
    },
    "NODE_0000108": {
      "PCR": "",
      "genome": "",
      "gradient": "rural",
      "site_id": "Rural_villages"
    },
    "NODE_0000109": {
      "PCR": "",
      "genome": "",
      "gradient": "rural",
      "site_id": "Borbon"
    },
    "NODE_0000110": {
      "PCR": "",
      "genome": "",
      "gradient": "urban",
