Map from character to field name
A:	
B:	DAEC
C:	EAEC
D:	EIEC
E:	ETEC
F:	aEPEC
G:	tEPEC
H:	?


Substitution rate (mu): 121.254146

Equilibrium frequencies (pi_i):
  A: 0.1236
  B: 0.1206
  C: 0.1315
  D: 0.1306
  E: 0.1613
  F: 0.1797
  G: 0.1527

Symmetrized rates from j->i (W_ij):
	A	B	C	D	E	F	G
  A	0	6.7294	4.0935	1.3627	2.2298	2.672	0.435
  B	6.7294	0	0.7171	0.4922	1.0163	0.798	0.4358
  C	4.0935	0.7171	0	0.4056	0.9611	1.1049	0.4051
  D	1.3627	0.4922	0.4056	0	0.4045	0.4055	0.4046
  E	2.2298	1.0163	0.9611	0.4045	0	0.7418	0.4049
  F	2.672	0.798	1.1049	0.4055	0.7418	0	0.5772
  G	0.435	0.4358	0.4051	0.4046	0.4049	0.5772	0

Actual rates from j->i (Q_ij):
	A	B	C	D	E	F	G
  A	0	0.8314	0.5058	0.1684	0.2755	0.3301	0.0537
  B	0.8118	0	0.0865	0.0594	0.1226	0.0963	0.0526
  C	0.5382	0.0943	0	0.0533	0.1263	0.1452	0.0533
  D	0.178	0.0643	0.053	0	0.0528	0.053	0.0528
  E	0.3597	0.164	0.155	0.0653	0	0.1197	0.0653
  F	0.4802	0.1434	0.1985	0.0729	0.1333	0	0.1037
  G	0.0664	0.0665	0.0619	0.0618	0.0618	0.0881	0
