Map from character to field name
A:	
B:	DAEC
C:	EAEC
D:	EIEC
E:	ETEC
F:	aEPEC
G:	tEPEC
H:	?


Substitution rate (mu): 121.038359

Equilibrium frequencies (pi_i):
  A: 0.123
  B: 0.1198
  C: 0.1304
  D: 0.1348
  E: 0.1606
  F: 0.179
  G: 0.1524

Symmetrized rates from j->i (W_ij):
	A	B	C	D	E	F	G
  A	0	6.7158	4.3895	1.3785	2.2242	2.6613	0.4329
  B	6.7158	0	0.7019	0.4849	1.0124	0.7938	0.4344
  C	4.3895	0.7019	0	0.4041	0.9505	1.0893	0.4035
  D	1.3785	0.4849	0.4041	0	0.403	0.404	0.403
  E	2.2242	1.0124	0.9505	0.403	0	0.7376	0.4033
  F	2.6613	0.7938	1.0893	0.404	0.7376	0	0.575
  G	0.4329	0.4344	0.4035	0.403	0.4033	0.575	0

Actual rates from j->i (Q_ij):
	A	B	C	D	E	F	G
  A	0	0.8258	0.5398	0.1695	0.2735	0.3272	0.0532
  B	0.8046	0	0.0841	0.0581	0.1213	0.0951	0.052
  C	0.5725	0.0915	0	0.0527	0.124	0.1421	0.0526
  D	0.1858	0.0654	0.0545	0	0.0543	0.0545	0.0543
  E	0.3573	0.1626	0.1527	0.0647	0	0.1185	0.0648
  F	0.4763	0.1421	0.1949	0.0723	0.132	0	0.1029
  G	0.066	0.0662	0.0615	0.0614	0.0615	0.0876	0
